Mode=Game
Potato=0
AimAssist=0,5,3,0.10000000149011612,2
Game=Siege
Sensitivity=10.0,10.0,50.0,70.0,50.0,0.019999999552965164,
Character=.Disabled
Options=0,0,
SelectedWeapons=0,0
Weapon=Disabled
AutoFire=0
Attachments=0,0,0
Values=0.0,0.0,0.0,;
Character=Ace
Options=1,0,
SelectedWeapons=0,2
Weapon=AK12
AutoFire=0
Attachments=1,0,0
Values=0.0,0.0,1.0,;0.0,10.0,50.0,;-0.30000001192092896,4.5,200.0,;-0.4000000059604645,5.0,200.0,;-0.4000000059604645,5.300000190734863,200.0,;-0.4000000059604645,5.5,200.0,;-0.4000000059604645,5.5,200.0,;-0.4000000059604645,5.699999809265137,200.0,;-0.4000000059604645,6.0,200.0,;-0.5,6.0,200.0,;-0.5,6.0,200.0,;-0.6000000238418579,6.0,200.0,;-0.6000000238418579,6.0,50.0,;
Weapon=M1014
AutoFire=1
Attachments=0,0,0
Values=0.0,14.0,1700.0,;
Weapon=P9
AutoFire=1
Attachments=0,0,0
Values=0.0,1.2999999523162842,1950.0,;
Character=Alibi
Options=1,0,
SelectedWeapons=3,1
Weapon=ACS12
AutoFire=0
Attachments=1,0,0
Values=-0.05000000074505806,1.600000023841858,6000.0,;
Weapon=Baliff
AutoFire=0
Attachments=0,0,0
Values=0.0,0.0,0.0,;
Weapon=KERATOS
AutoFire=1
Attachments=0,0,0
Values=0.0,6.0,600.0,;
Weapon=MX4
AutoFire=0
Attachments=0,0,0
Values=0.0,0.0,1.0,;0.0,8.5,50.0,;0.0,5.5,200.0,;0.5,5.5,200.0,;0.5,6.0,200.0,;0.5,6.0,200.0,;0.5,6.0,200.0,;0.5,6.0,200.0,;1.0,6.0,200.0,;1.0,6.0,200.0,;2.0,7.0,200.0,;2.0,7.0,100.0,;
Character=Amaru
Options=1,0,
SelectedWeapons=0,2
Weapon=G8A1
AutoFire=0
Attachments=1,0,0
Values=0.0,0.0,1.0,;0.0,7.0,50.0,;-0.4000000059604645,4.5,350.0,;-0.4000000059604645,4.5,200.0,;-0.4000000059604645,5.0,900.0,;-0.5,5.0,1000.0,;-0.5,5.5,1000.0,;
Weapon=GONNE6
AutoFire=0
Attachments=0,0,0
Values=0.0,0.0,0.0,;
Weapon=ITA12S
AutoFire=0
Attachments=0,0,0
Values=0.0,0.0,0.0,;
Weapon=SMG11
AutoFire=0
Attachments=0,0,0
Values=0.0,0.0,1.0,;0.0,17.0,30.0,;0.0,8.5,200.0,;0.0,8.5,200.0,;0.0,8.699999809265137,200.0,;0.0,8.699999809265137,90.0,;
Weapon=SUPERNOVA
AutoFire=0
Attachments=1,0,0
Values=0.0,0.0,0.0,;
Character=Aruni
Options=1,0,
SelectedWeapons=0,2
Weapon=MK14
AutoFire=1
Attachments=1,0,0
Values=-0.30000001192092896,2.5,2800.0,;
Weapon=P10 Roni
AutoFire=0
Attachments=0,0,0
Values=0.0,0.0,1.0,;0.0,8.0,50.0,;0.5,5.0,200.0,;0.5,5.0,200.0,;0.699999988079071,5.5,200.0,;0.800000011920929,5.5,200.0,;
Weapon=PRB92
AutoFire=1
Attachments=0,0,0
Values=0.10000000149011612,2.0,1900.0,;
Character=Ash
Options=1,0,
SelectedWeapons=2,3
Weapon=G36C
AutoFire=0
Attachments=1,0,0
Values=0.0,0.0,1.0,;0.0,8.0,50.0,;0.20000000298023224,5.0,200.0,;0.20000000298023224,5.0,200.0,;0.20000000298023224,5.0,200.0,;0.20000000298023224,6.0,200.0,;0.20000000298023224,6.0,200.0,;0.20000000298023224,6.0,200.0,;0.20000000298023224,6.0,200.0,;0.20000000298023224,6.0,200.0,;0.20000000298023224,6.0,200.0,;0.20000000298023224,6.0,200.0,;0.20000000298023224,6.0,200.0,;0.20000000298023224,6.0,50.0,;
Weapon=MUESOC
AutoFire=1
Attachments=0,0,0
Values=0.0,4.0,1000.0,;
Weapon=R4C
AutoFire=0
Attachments=1,0,0
Values=0.0,0.0,1.0,;0.0,10.0,50.0,;-0.4000000059604645,5.5,200.0,;-0.4000000059604645,6.0,200.0,;-0.4000000059604645,6.0,200.0,;-0.4000000059604645,6.5,200.0,;-0.4000000059604645,6.5,200.0,;-0.4000000059604645,6.5,200.0,;-0.4000000059604645,7.0,200.0,;-0.4000000059604645,7.0,200.0,;-0.4000000059604645,7.0,200.0,;-0.4000000059604645,7.0,200.0,;-0.4000000059604645,7.0,50.0,;
Weapon=USG
AutoFire=1
Attachments=0,0,0
Values=0.0,2.0,2450.0,;
Character=Azami
Options=1,0,
SelectedWeapons=2,1
Weapon=ACS12
AutoFire=0
Attachments=1,0,0
Values=-0.05000000074505806,1.600000023841858,6000.0,;
Weapon=D-50
AutoFire=1
Attachments=0,0,1
Values=0.0,11.5,1000.0,;
Weapon=VSN
AutoFire=0
Attachments=0,0,0
Values=0.0,0.0,1.0,;0.0,7.0,50.0,;-0.30000001192092896,5.0,200.0,;-0.30000001192092896,4.0,200.0,;-0.30000001192092896,5.0,200.0,;-0.30000001192092896,5.0,200.0,;-0.30000001192092896,5.0,200.0,;-0.30000001192092896,5.0,200.0,;-0.30000001192092896,5.5,200.0,;-0.30000001192092896,5.5,200.0,;-0.30000001192092896,5.5,200.0,;-0.30000001192092896,5.5,200.0,;-0.30000001192092896,5.5,200.0,;-0.30000001192092896,5.5,100.0,;
Character=Bandit
Options=1,0,
SelectedWeapons=1,2
Weapon=M870
AutoFire=0
Attachments=0,0,0
Values=0.0,0.0,0.0,;
Weapon=MP7
AutoFire=0
Attachments=0,0,0
Values=0.0,0.0,1.0,;0.0,7.0,50.0,;0.0,4.0,200.0,;0.0,4.0,200.0,;0.0,4.5,200.0,;0.0,4.5,200.0,;0.0,5.0,200.0,;0.0,5.0,200.0,;0.0,5.0,200.0,;0.0,5.0,200.0,;0.0,5.0,200.0,;0.0,6.0,150.0,;
Weapon=P12
AutoFire=1
Attachments=0,0,0
Values=0.0,2.5,1800.0,;
Character=Blackbeard
Options=1,1,
SelectedWeapons=2,0
Weapon=D-50
AutoFire=1
Attachments=0,0,1
Values=0.0,11.5,1000.0,;
Weapon=MK17
AutoFire=0
Attachments=1,0,0
Values=0.0,0.0,1.0,;0.0,3.5,50.0,;0.0,2.0,200.0,;0.5,2.0,200.0,;0.5,2.0,200.0,;0.5,2.0,200.0,;0.5,2.0,200.0,;0.5,2.0,200.0,;0.5,2.5,200.0,;0.5,2.5,200.0,;0.5,2.5,200.0,;0.5,2.5,50.0,;
Weapon=SR25
AutoFire=1
Attachments=1,0,1
Values=-0.20000000298023224,5.199999809265137,2800.0,;
Character=Blitz
Options=1,0,
SelectedWeapons=0,0
Weapon=P12
AutoFire=1
Attachments=0,0,0
Values=0.0,2.5,1800.0,;
Character=Brava
Options=1,0,
SelectedWeapons=2,1
Weapon=CAMRS
AutoFire=1
Attachments=1,0,1
Values=0.0,3.0,2900.0,;
Weapon=Hack
AutoFire=0
Attachments=0,0,0
Values=0.0,0.0,0.0,;
Weapon=Para-308
AutoFire=0
Attachments=1,0,0
Values=0.0,0.0,1.0,;0.0,4.0,200.0,;-0.30000001192092896,3.5,200.0,;-0.30000001192092896,3.5,200.0,;-0.30000001192092896,4.0,200.0,;-0.30000001192092896,4.0,200.0,;-0.30000001192092896,4.0,200.0,;-0.30000001192092896,4.0,200.0,;-0.30000001192092896,4.0,200.0,;-0.30000001192092896,4.0,200.0,;-0.30000001192092896,4.5,200.0,;-0.30000001192092896,5.0,200.0,;-0.30000001192092896,5.0,200.0,;-0.30000001192092896,5.0,200.0,;-0.30000001192092896,5.0,100.0,;
Weapon=Super Shorty
AutoFire=0
Attachments=0,0,0
Values=0.0,0.0,0.0,;
Weapon=USP40
AutoFire=1
Attachments=0,0,0
Values=0.0,2.5,1500.0,;
Character=Buck
Options=1,0,
SelectedWeapons=0,2
Weapon=C8
AutoFire=0
Attachments=1,0,0
Values=0.0,0.0,1.0,;0.0,9.0,50.0,;-0.20000000298023224,3.5,200.0,;-0.20000000298023224,4.0,200.0,;-0.20000000298023224,4.0,200.0,;-0.20000000298023224,4.5,200.0,;-0.20000000298023224,4.5,200.0,;-0.20000000298023224,4.5,200.0,;-0.20000000298023224,5.0,200.0,;-0.20000000298023224,5.0,200.0,;-0.20000000298023224,5.0,200.0,;-0.20000000298023224,5.5,200.0,;-0.20000000298023224,6.0,120.0,;
Weapon=CAMRS
AutoFire=1
Attachments=1,0,1
Values=0.0,3.0,2900.0,;
Weapon=GONNE6
AutoFire=0
Attachments=0,0,0
Values=0.0,0.0,0.0,;
Weapon=MK1
AutoFire=1
Attachments=0,0,0
Values=0.0,2.200000047683716,1800.0,;
Character=Capitao
Options=1,0,
SelectedWeapons=3,0
Weapon=GONNE6
AutoFire=0
Attachments=0,0,0
Values=0.0,0.0,0.0,;
Weapon=M249
AutoFire=0
Attachments=1,0,2
Values=0.0,0.0,1.0,;0.0,4.0,100.0,;-0.4000000059604645,3.0,1000.0,;-0.4000000059604645,3.5,1000.0,;-0.4000000059604645,3.5,1000.0,;-0.4000000059604645,4.0,1000.0,;-0.4000000059604645,4.0,1000.0,;-0.4000000059604645,4.0,1000.0,;-0.4000000059604645,4.0,1000.0,;-0.4000000059604645,4.0,1000.0,;-0.4000000059604645,4.0,1000.0,;
Weapon=PRB92
AutoFire=1
Attachments=0,0,0
Values=0.10000000149011612,2.0,1900.0,;
Weapon=Para-308
AutoFire=0
Attachments=1,0,0
Values=0.0,0.0,1.0,;0.0,4.0,200.0,;-0.30000001192092896,3.5,200.0,;-0.30000001192092896,3.5,200.0,;-0.30000001192092896,4.0,200.0,;-0.30000001192092896,4.0,200.0,;-0.30000001192092896,4.0,200.0,;-0.30000001192092896,4.0,200.0,;-0.30000001192092896,4.0,200.0,;-0.30000001192092896,4.0,200.0,;-0.30000001192092896,4.5,200.0,;-0.30000001192092896,5.0,200.0,;-0.30000001192092896,5.0,200.0,;-0.30000001192092896,5.0,200.0,;-0.30000001192092896,5.0,100.0,;
Character=Castle
Options=1,0,
SelectedWeapons=3,2
Weapon=M1014
AutoFire=1
Attachments=0,0,0
Values=0.0,14.0,1700.0,;
Weapon=MUESOC
AutoFire=1
Attachments=0,0,0
Values=0.0,4.0,1000.0,;
Weapon=Super Shorty
AutoFire=0
Attachments=0,0,0
Values=0.0,0.0,0.0,;
Weapon=UMP45
AutoFire=0
Attachments=1,0,0
Values=0.0,0.0,1.0,;0.0,4.0,50.0,;-0.20000000298023224,2.700000047683716,1000.0,;-0.20000000298023224,2.700000047683716,1000.0,;-0.20000000298023224,2.700000047683716,400.0,;
Weapon=USG
AutoFire=1
Attachments=0,0,0
Values=0.0,2.0,2450.0,;
Character=Caveira
Options=1,1,
SelectedWeapons=2,0
Weapon=Luison
AutoFire=1
Attachments=0,0,0
Values=0.5,3.4000000953674316,1600.0,;
Weapon=M12
AutoFire=0
Attachments=0,0,0
Values=0.0,0.0,1.0,;0.0,3.0,50.0,;-0.20000000298023224,2.299999952316284,1000.0,;-0.20000000298023224,2.299999952316284,1000.0,;-0.20000000298023224,2.299999952316284,1000.0,;-0.20000000298023224,2.299999952316284,200.0,;
Weapon=Spas15
AutoFire=1
Attachments=0,0,0
Values=1.0,6.0,1200.0,;
Character=Clash
Options=1,0,
SelectedWeapons=0,0
Weapon=P10C
AutoFire=1
Attachments=0,0,0
Values=0.0,2.5,1900.0,;
Weapon=SPSMG9
AutoFire=0
Attachments=0,0,0
Values=0.0,0.0,1.0,;0.0,6.0,50.0,;0.0,4.0,200.0,;0.0,4.0,200.0,;0.0,4.0,200.0,;0.0,4.0,200.0,;0.0,4.0,200.0,;0.0,4.0,200.0,;
Weapon=Super Shorty
AutoFire=0
Attachments=0,0,0
Values=0.0,0.0,0.0,;
Character=Deimos
Options=1,0,
SelectedWeapons=0,2
Weapon=AK-74M
AutoFire=0
Attachments=1,0,0
Values=0.0,0.0,1.0,;0.0,6.0,50.0,;-0.30000001192092896,3.0,1000.0,;-0.30000001192092896,3.5,1000.0,;-0.30000001192092896,3.5,1000.0,;-0.30000001192092896,4.0,550.0,;
Weapon=M590
AutoFire=0
Attachments=0,0,0
Values=0.0,0.0,0.0,;
Weapon=Vendetta
AutoFire=1
Attachments=0,0,0
Values=0.0,3.5999999046325684,800.0,;
Character=Doc
Options=1,0,
SelectedWeapons=2,0
Weapon=Baliff
AutoFire=0
Attachments=0,0,0
Values=0.0,0.0,0.0,;
Weapon=LFP586
AutoFire=1
Attachments=0,0,0
Values=0.0,9.0,700.0,;
Weapon=MP5
AutoFire=0
Attachments=1,0,0
Values=0.0,0.0,1.0,;0.0,7.0,50.0,;-0.30000001192092896,4.5,200.0,;-0.30000001192092896,4.5,200.0,;-0.30000001192092896,5.0,200.0,;-0.30000001192092896,5.0,200.0,;-0.30000001192092896,5.0,200.0,;-0.30000001192092896,5.0,200.0,;-0.30000001192092896,5.5,200.0,;-0.30000001192092896,5.5,200.0,;-0.30000001192092896,5.5,200.0,;-0.30000001192092896,5.5,200.0,;-0.30000001192092896,5.5,170.0,;
Weapon=P9
AutoFire=1
Attachments=0,0,0
Values=0.0,1.2999999523162842,1950.0,;
Weapon=P90
AutoFire=0
Attachments=1,0,2
Values=0.0,0.0,1.0,;0.0,7.0,50.0,;0.0,4.0,200.0,;0.0,4.0,200.0,;0.0,4.5,200.0,;0.0,4.5,200.0,;0.0,4.5,200.0,;0.0,4.5,200.0,;0.0,4.5,200.0,;0.0,5.0,200.0,;0.0,5.0,200.0,;0.0,5.0,200.0,;0.0,5.0,200.0,;0.0,5.0,800.0,;
Weapon=SG-CQB
AutoFire=0
Attachments=0,0,0
Values=0.0,0.0,0.0,;
Character=Dokkaebi
Options=1,0,
SelectedWeapons=0,4
Weapon=BOSG
AutoFire=0
Attachments=0,0,0
Values=0.0,0.0,0.0,;
Weapon=CZ75
AutoFire=0
Attachments=0,0,0
Values=0.0,0.0,1.0,;0.0,8.0,50.0,;0.0,5.0,200.0,;0.0,5.0,200.0,;0.0,5.0,200.0,;0.0,5.0,200.0,;0.10000000149011612,5.0,200.0,;0.20000000298023224,5.0,200.0,;0.20000000298023224,5.0,200.0,;0.20000000298023224,5.0,50.0,;
Weapon=GONNE6
AutoFire=0
Attachments=0,0,0
Values=0.0,0.0,0.0,;
Weapon=MK14
AutoFire=1
Attachments=1,0,0
Values=-0.30000001192092896,2.5,2800.0,;
Weapon=SMG12
AutoFire=0
Attachments=0,0,0
Values=0.0,0.0,1.0,;0.0,15.0,50.0,;2.0,8.0,200.0,;2.0,9.0,200.0,;1.0,9.0,200.0,;0.0,9.0,200.0,;0.0,9.5,200.0,;0.0,10.0,200.0,;0.0,10.5,200.0,;0.0,10.5,30.0,;
Character=Echo
Options=1,0,
SelectedWeapons=1,0
Weapon=Bearing9
AutoFire=0
Attachments=0,0,0
Values=0.0,0.0,1.0,;0.0,13.0,50.0,;-0.30000001192092896,7.0,200.0,;-0.30000001192092896,7.0,200.0,;-0.30000001192092896,7.0,200.0,;-0.30000001192092896,7.0,200.0,;-0.30000001192092896,7.0,200.0,;-0.30000001192092896,7.0,200.0,;-0.30000001192092896,7.0,50.0,;
Weapon=MP5SD
AutoFire=0
Attachments=0,0,0
Values=0.0,0.0,1.0,;0.0,8.0,50.0,;-0.4000000059604645,3.5,200.0,;-0.4000000059604645,4.0,200.0,;-0.4000000059604645,4.5,200.0,;-0.4000000059604645,4.5,200.0,;-0.4000000059604645,4.5,200.0,;-0.4000000059604645,4.5,200.0,;-0.4000000059604645,5.0,200.0,;-0.4000000059604645,5.0,200.0,;-0.4000000059604645,5.0,200.0,;-0.4000000059604645,5.0,200.0,;-0.4000000059604645,5.0,200.0,;
Weapon=P229
AutoFire=1
Attachments=0,0,0
Values=0.0,2.5,1800.0,;
Weapon=SUPERNOVA
AutoFire=0
Attachments=0,0,0
Values=0.0,0.0,0.0,;
Character=Ela
Options=1,0,
SelectedWeapons=2,1
Weapon=FO12
AutoFire=1
Attachments=0,0,0
Values=-0.5,14.0,1600.0,;
Weapon=RG15
AutoFire=1
Attachments=0,0,0
Values=0.0,2.5,1900.0,;
Weapon=Skorpion
AutoFire=0
Attachments=0,0,2
Values=0.0,0.0,1.0,;0.0,10.5,50.0,;1.0,5.5,200.0,;1.0,6.0,200.0,;1.0,6.5,200.0,;1.0,7.0,200.0,;1.0,8.0,200.0,;1.0,8.0,200.0,;1.0,8.0,200.0,;1.0,8.0,200.0,;1.0,8.0,200.0,;1.0,8.0,200.0,;1.0,8.0,200.0,;
Character=Fenrir
Options=1,0,
SelectedWeapons=1,0
Weapon=Baliff
AutoFire=0
Attachments=0,0,0
Values=0.0,0.0,0.0,;
Weapon=MP7
AutoFire=0
Attachments=0,0,0
Values=0.0,0.0,1.0,;0.0,7.0,50.0,;0.0,4.0,200.0,;0.0,4.0,200.0,;0.0,4.5,200.0,;0.0,4.5,200.0,;0.0,5.0,200.0,;0.0,5.0,200.0,;0.0,5.0,200.0,;0.0,5.0,200.0,;0.0,5.0,200.0,;0.0,6.0,150.0,;
Weapon=SASG
AutoFire=1
Attachments=0,1,0
Values=-0.699999988079071,18.0,1700.0,;
Weapon=USG
AutoFire=1
Attachments=0,0,0
Values=0.0,2.0,2450.0,;
Character=Finka
Options=1,0,
SelectedWeapons=4,2
Weapon=GSH-18
AutoFire=1
Attachments=0,0,0
Values=0.0,1.0,2250.0,;
Weapon=PKM
AutoFire=0
Attachments=1,0,0
Values=0.0,0.0,1.0,;0.0,9.0,50.0,;-0.4000000059604645,4.5,300.0,;-0.4000000059604645,5.0,300.0,;-0.4000000059604645,5.0,1000.0,;-0.4000000059604645,5.5,1000.0,;-0.4000000059604645,6.0,1000.0,;-0.4000000059604645,6.0,1000.0,;-0.4000000059604645,6.0,1000.0,;-0.4000000059604645,6.0,1000.0,;-0.4000000059604645,6.0,1000.0,;-0.4000000059604645,6.0,1000.0,;
Weapon=PMM
AutoFire=1
Attachments=0,0,0
Values=0.0,4.0,1000.0,;
Weapon=SASG
AutoFire=1
Attachments=0,1,0
Values=-0.699999988079071,18.0,1700.0,;
Weapon=Spear
AutoFire=0
Attachments=1,0,0
Values=0.0,0.0,1.0,;0.0,8.0,50.0,;-0.20000000298023224,5.0,200.0,;-0.20000000298023224,5.0,200.0,;-0.30000001192092896,6.0,200.0,;-0.30000001192092896,6.0,200.0,;-0.30000001192092896,6.0,200.0,;-0.30000001192092896,6.0,200.0,;-0.30000001192092896,6.5,200.0,;-0.30000001192092896,6.5,200.0,;-0.30000001192092896,6.5,200.0,;-0.30000001192092896,6.5,200.0,;-0.30000001192092896,6.5,200.0,;-0.30000001192092896,6.5,200.0,;-0.30000001192092896,7.0,100.0,;
Character=Flores
Options=1,0,
SelectedWeapons=0,1
Weapon=AR33
AutoFire=0
Attachments=1,0,0
Values=0.0,0.0,1.0,;0.0,7.0,50.0,;-0.20000000298023224,4.0,200.0,;-0.20000000298023224,3.5,200.0,;-0.20000000298023224,4.0,200.0,;-0.20000000298023224,4.5,200.0,;-0.20000000298023224,4.5,200.0,;-0.20000000298023224,4.5,200.0,;-0.20000000298023224,4.5,200.0,;-0.20000000298023224,4.5,200.0,;-0.20000000298023224,4.5,200.0,;-0.20000000298023224,4.5,150.0,;
Weapon=GSH-18
AutoFire=1
Attachments=0,0,0
Values=0.0,1.0,2250.0,;
Weapon=SR25
AutoFire=1
Attachments=1,0,1
Values=-0.20000000298023224,5.199999809265137,2800.0,;
Character=Frost
Options=1,0,
SelectedWeapons=0,1
Weapon=C1
AutoFire=0
Attachments=1,0,0
Values=0.0,0.0,1.0,;0.0,5.0,50.0,;0.10000000149011612,2.5,1000.0,;0.10000000149011612,2.700000047683716,1000.0,;0.0,2.700000047683716,1000.0,;0.0,3.0,400.0,;
Weapon=ITA12S
AutoFire=0
Attachments=0,0,0
Values=0.0,0.0,0.0,;
Weapon=MK1
AutoFire=1
Attachments=0,0,0
Values=0.0,2.200000047683716,1800.0,;
Weapon=Super90
AutoFire=1
Attachments=0,0,0
Values=0.0,11.0,2200.0,;
Character=Fuze
Options=1,0,
SelectedWeapons=0,4
Weapon=AK12
AutoFire=0
Attachments=1,0,0
Values=0.0,0.0,1.0,;0.0,10.0,50.0,;-0.30000001192092896,4.5,200.0,;-0.4000000059604645,5.0,200.0,;-0.4000000059604645,5.300000190734863,200.0,;-0.4000000059604645,5.5,200.0,;-0.4000000059604645,5.5,200.0,;-0.4000000059604645,5.699999809265137,200.0,;-0.4000000059604645,6.0,200.0,;-0.5,6.0,200.0,;-0.5,6.0,200.0,;-0.6000000238418579,6.0,200.0,;-0.6000000238418579,6.0,50.0,;
Weapon=Balastic Shield
AutoFire=0
Attachments=0,0,0
Values=0.0,0.0,0.0,;
Weapon=GSH-18
AutoFire=1
Attachments=0,0,0
Values=0.0,1.0,2250.0,;
Weapon=PKM
AutoFire=0
Attachments=1,0,0
Values=0.0,0.0,1.0,;0.0,9.0,50.0,;-0.4000000059604645,4.5,300.0,;-0.4000000059604645,5.0,300.0,;-0.4000000059604645,5.0,1000.0,;-0.4000000059604645,5.5,1000.0,;-0.4000000059604645,6.0,1000.0,;-0.4000000059604645,6.0,1000.0,;-0.4000000059604645,6.0,1000.0,;-0.4000000059604645,6.0,1000.0,;-0.4000000059604645,6.0,1000.0,;-0.4000000059604645,6.0,1000.0,;
Weapon=PMM
AutoFire=1
Attachments=0,0,0
Values=0.0,4.0,1000.0,;
Character=Glaz
Options=1,1,
SelectedWeapons=2,1
Weapon=Bearing9
AutoFire=0
Attachments=0,0,0
Values=0.0,0.0,1.0,;0.0,13.0,50.0,;-0.30000001192092896,7.0,200.0,;-0.30000001192092896,7.0,200.0,;-0.30000001192092896,7.0,200.0,;-0.30000001192092896,7.0,200.0,;-0.30000001192092896,7.0,200.0,;-0.30000001192092896,7.0,200.0,;-0.30000001192092896,7.0,50.0,;
Weapon=GONNE6
AutoFire=0
Attachments=0,0,0
Values=0.0,0.0,0.0,;
Weapon=OTS03
AutoFire=1
Attachments=0,0,0
Values=0.0,17.0,2450.0,;
Weapon=PMM
AutoFire=1
Attachments=0,0,0
Values=0.0,4.0,1000.0,;
Character=Goyo
Options=1,0,
SelectedWeapons=2,0
Weapon=P229
AutoFire=1
Attachments=0,0,0
Values=0.0,2.5,1800.0,;
Weapon=TCSG12
AutoFire=1
Attachments=1,0,0
Values=0.0,0.0,1.0,;0.0,6.5,1250.0,;
Weapon=Vector
AutoFire=0
Attachments=1,0,0
Values=0.0,0.0,1.0,;0.0,8.0,50.0,;0.0,6.0,200.0,;0.0,6.5,200.0,;0.0,7.0,200.0,;0.0,7.0,200.0,;0.0,7.0,200.0,;0.0,7.5,200.0,;
Character=Gridlock
Options=1,0,
SelectedWeapons=0,3
Weapon=F90
AutoFire=0
Attachments=1,0,0
Values=0.0,0.0,1.0,;0.0,6.0,50.0,;-0.30000001192092896,4.5,200.0,;-0.30000001192092896,4.5,200.0,;-0.30000001192092896,4.5,200.0,;-0.30000001192092896,5.0,200.0,;-0.30000001192092896,5.0,200.0,;-0.30000001192092896,5.0,200.0,;-0.30000001192092896,5.0,200.0,;-0.30000001192092896,5.5,200.0,;-0.30000001192092896,5.5,200.0,;-0.30000001192092896,5.5,200.0,;-0.30000001192092896,6.0,200.0,;
Weapon=SAW
AutoFire=0
Attachments=1,0,2
Values=0.0,0.0,1.0,;0.0,5.5,50.0,;0.30000001192092896,4.0,1000.0,;0.5,4.300000190734863,1000.0,;0.5,4.699999809265137,1000.0,;1.0,5.0,1000.0,;0.699999988079071,5.199999809265137,1000.0,;0.699999988079071,5.199999809265137,400.0,;
Weapon=SDP
AutoFire=1
Attachments=0,0,0
Values=0.0,4.5,2000.0,;
Weapon=Super Shorty
AutoFire=0
Attachments=0,0,0
Values=0.0,0.0,0.0,;
Character=Grim
Options=1,0,
SelectedWeapons=0,1
Weapon=552 Commando
AutoFire=0
Attachments=1,0,0
Values=0.0,0.0,1.0,;0.0,6.5,50.0,;-0.30000001192092896,4.0,200.0,;-0.30000001192092896,4.0,200.0,;-0.30000001192092896,4.0,200.0,;-0.30000001192092896,4.0,200.0,;-0.30000001192092896,4.5,200.0,;-0.30000001192092896,4.5,200.0,;-0.30000001192092896,4.5,200.0,;-0.30000001192092896,4.5,200.0,;-0.30000001192092896,4.5,200.0,;-0.30000001192092896,4.5,200.0,;-0.30000001192092896,4.5,200.0,;-0.30000001192092896,4.5,200.0,;-0.30000001192092896,5.0,200.0,;
Weapon=Baliff
AutoFire=0
Attachments=0,0,0
Values=0.0,0.0,0.0,;
Weapon=P229
AutoFire=1
Attachments=0,0,0
Values=0.0,2.5,1800.0,;
Weapon=SG-CQB
AutoFire=0
Attachments=0,0,0
Values=0.0,0.0,0.0,;
Character=Hibana
Options=1,0,
SelectedWeapons=3,0
Weapon=Bearing9
AutoFire=0
Attachments=0,0,0
Values=0.0,0.0,1.0,;0.0,13.0,50.0,;-0.30000001192092896,7.0,200.0,;-0.30000001192092896,7.0,200.0,;-0.30000001192092896,7.0,200.0,;-0.30000001192092896,7.0,200.0,;-0.30000001192092896,7.0,200.0,;-0.30000001192092896,7.0,200.0,;-0.30000001192092896,7.0,50.0,;
Weapon=P229
AutoFire=1
Attachments=0,0,0
Values=0.0,2.5,1800.0,;
Weapon=SUPERNOVA
AutoFire=0
Attachments=1,0,0
Values=0.0,0.0,0.0,;
Weapon=Type89
AutoFire=0
Attachments=1,0,0
Values=0.0,0.0,1.0,;0.0,7.0,50.0,;-0.5,5.0,200.0,;-0.5,5.0,200.0,;-0.5,5.0,200.0,;-0.5,5.0,200.0,;-0.699999988079071,5.0,200.0,;-0.699999988079071,6.0,200.0,;-1.0,6.0,100.0,;
Character=IQ
Options=1,1,
SelectedWeapons=0,3
Weapon=552 Commando
AutoFire=0
Attachments=1,0,0
Values=0.0,0.0,1.0,;0.0,6.5,50.0,;-0.30000001192092896,4.0,200.0,;-0.30000001192092896,4.0,200.0,;-0.30000001192092896,4.0,200.0,;-0.30000001192092896,4.0,200.0,;-0.30000001192092896,4.5,200.0,;-0.30000001192092896,4.5,200.0,;-0.30000001192092896,4.5,200.0,;-0.30000001192092896,4.5,200.0,;-0.30000001192092896,4.5,200.0,;-0.30000001192092896,4.5,200.0,;-0.30000001192092896,4.5,200.0,;-0.30000001192092896,4.5,200.0,;-0.30000001192092896,5.0,200.0,;
Weapon=AUG A2
AutoFire=0
Attachments=1,0,0
Values=0.0,0.0,1.0,;0.0,5.0,200.0,;0.5,4.0,200.0,;0.5,5.0,200.0,;0.5,5.0,200.0,;0.5,5.0,200.0,;0.5,5.0,200.0,;0.5,5.0,200.0,;0.5,5.0,200.0,;0.5,5.0,200.0,;0.5,5.0,200.0,;0.5,5.5,200.0,;0.5,5.5,200.0,;0.5,6.0,50.0,;
Weapon=G8A1
AutoFire=0
Attachments=1,0,0
Values=0.0,0.0,1.0,;0.0,7.0,50.0,;-0.4000000059604645,4.5,350.0,;-0.4000000059604645,4.5,200.0,;-0.4000000059604645,5.0,900.0,;-0.5,5.0,1000.0,;-0.5,5.5,1000.0,;
Weapon=P12
AutoFire=1
Attachments=0,0,0
Values=0.0,2.5,1800.0,;
Character=Iana
Options=1,0,
SelectedWeapons=0,2
Weapon=ARX
AutoFire=0
Attachments=1,0,0
Values=0.0,0.0,1.0,;0.0,6.5,50.0,;-0.30000001192092896,3.700000047683716,200.0,;-0.30000001192092896,4.0,200.0,;-0.30000001192092896,4.0,200.0,;-0.30000001192092896,4.0,200.0,;-0.30000001192092896,4.5,200.0,;-0.30000001192092896,4.5,200.0,;-0.30000001192092896,4.5,200.0,;-0.30000001192092896,4.5,200.0,;
Weapon=G36C
AutoFire=0
Attachments=1,0,2
Values=0.0,0.0,1.0,;0.0,8.0,50.0,;0.20000000298023224,5.0,200.0,;0.20000000298023224,5.0,200.0,;0.20000000298023224,5.0,200.0,;0.20000000298023224,6.0,200.0,;0.20000000298023224,6.0,200.0,;0.20000000298023224,6.0,200.0,;0.20000000298023224,6.0,200.0,;0.20000000298023224,6.0,200.0,;0.20000000298023224,6.0,200.0,;0.20000000298023224,6.0,200.0,;0.20000000298023224,6.0,200.0,;0.20000000298023224,6.0,50.0,;
Weapon=GONNE6
AutoFire=0
Attachments=0,0,0
Values=0.0,0.0,0.0,;
Weapon=MK1
AutoFire=1
Attachments=0,0,0
Values=0.0,2.200000047683716,1800.0,;
Character=Jackal
Options=1,1,
SelectedWeapons=0,2
Weapon=C7E
AutoFire=0
Attachments=1,0,0
Values=0.0,0.0,1.0,;0.0,9.0,50.0,;-0.30000001192092896,5.5,200.0,;-0.30000001192092896,5.5,200.0,;-0.30000001192092896,6.0,200.0,;-0.30000001192092896,6.0,200.0,;-0.30000001192092896,6.0,200.0,;-0.30000001192092896,6.5,200.0,;-0.30000001192092896,6.5,200.0,;-0.30000001192092896,6.5,200.0,;-0.30000001192092896,7.0,200.0,;-0.30000001192092896,7.0,200.0,;-0.30000001192092896,7.0,170.0,;
Weapon=ITA12L
AutoFire=0
Attachments=0,0,0
Values=0.0,0.0,0.0,;
Weapon=ITA12S
AutoFire=0
Attachments=0,0,0
Values=0.0,0.0,0.0,;
Weapon=PDW9
AutoFire=0
Attachments=1,0,0
Values=0.0,0.0,1.0,;0.0,7.0,50.0,;-0.20000000298023224,4.199999809265137,500.0,;-0.20000000298023224,4.699999809265137,500.0,;-0.20000000298023224,5.0,1000.0,;-0.20000000298023224,5.300000190734863,1000.0,;-0.20000000298023224,5.5,700.0,;
Weapon=USP40
AutoFire=1
Attachments=0,0,0
Values=0.0,2.5,1500.0,;
Character=Jager
Options=1,0,
SelectedWeapons=0,2
Weapon=HK416
AutoFire=0
Attachments=0,0,0
Values=0.0,0.0,1.0,;0.0,10.0,50.0,;-0.4000000059604645,5.0,200.0,;-0.4000000059604645,5.0,200.0,;-0.4000000059604645,5.5,200.0,;-0.4000000059604645,5.5,200.0,;-0.4000000059604645,6.0,200.0,;-0.4000000059604645,6.0,200.0,;-0.4000000059604645,6.0,200.0,;-0.4000000059604645,6.0,200.0,;-0.4000000059604645,6.0,200.0,;-0.4000000059604645,6.0,200.0,;
Weapon=M870
AutoFire=0
Attachments=0,0,0
Values=0.0,0.0,0.0,;
Weapon=P12
AutoFire=1
Attachments=0,0,0
Values=0.0,2.5,1800.0,;
Character=Kaid
Options=1,0,
SelectedWeapons=3,2
Weapon=44MAG
AutoFire=0
Attachments=0,0,0
Values=0.0,12.0,100.0,;
Weapon=AUG A3
AutoFire=0
Attachments=0,0,0
Values=0.0,0.0,1.0,;0.0,8.0,50.0,;0.0,4.0,200.0,;0.0,4.0,200.0,;0.0,4.0,200.0,;1.0,4.0,200.0,;0.0,4.0,200.0,;0.0,4.0,200.0,;0.0,4.550000190734863,200.0,;0.0,4.5,200.0,;0.0,4.5,200.0,;0.0,4.5,200.0,;0.0,5.0,200.0,;0.0,5.0,200.0,;0.0,5.0,200.0,;0.0,5.0,50.0,;
Weapon=LFP586
AutoFire=1
Attachments=0,0,0
Values=0.0,9.0,700.0,;
Weapon=TCSG12
AutoFire=1
Attachments=1,0,0
Values=0.0,0.0,1.0,;0.0,6.5,1250.0,;
Character=Kali
Options=1,0,
SelectedWeapons=0,1
Weapon=CSRX
AutoFire=0
Attachments=0,0,0
Values=0.0,0.0,0.0,;
Weapon=CZ75
AutoFire=0
Attachments=0,0,0
Values=0.0,0.0,1.0,;0.0,8.0,50.0,;0.0,5.0,200.0,;0.0,5.0,200.0,;0.0,5.0,200.0,;0.0,5.0,200.0,;0.10000000149011612,5.0,200.0,;0.20000000298023224,5.0,200.0,;0.20000000298023224,5.0,200.0,;0.20000000298023224,5.0,50.0,;
Weapon=P226
AutoFire=1
Attachments=0,0,0
Values=0.20000000298023224,2.5,1850.0,;
Weapon=SPSMG9
AutoFire=0
Attachments=0,0,0
Values=0.0,0.0,1.0,;0.0,6.0,50.0,;0.0,4.0,200.0,;0.0,4.0,200.0,;0.0,4.0,200.0,;0.0,4.0,200.0,;0.0,4.0,200.0,;0.0,4.0,200.0,;
Character=Kapkan
Options=1,0,
SelectedWeapons=3,1
Weapon=GSH-18
AutoFire=1
Attachments=0,0,0
Values=0.0,1.0,2250.0,;
Weapon=PMM
AutoFire=1
Attachments=0,0,0
Values=0.0,4.0,1000.0,;
Weapon=SASG
AutoFire=1
Attachments=0,1,0
Values=-0.699999988079071,18.0,1700.0,;
Weapon=VSN
AutoFire=0
Attachments=0,0,0
Values=0.0,0.0,1.0,;0.0,7.0,50.0,;-0.30000001192092896,5.0,200.0,;-0.30000001192092896,4.0,200.0,;-0.30000001192092896,5.0,200.0,;-0.30000001192092896,5.0,200.0,;-0.30000001192092896,5.0,200.0,;-0.30000001192092896,5.0,200.0,;-0.30000001192092896,5.5,200.0,;-0.30000001192092896,5.5,200.0,;-0.30000001192092896,5.5,200.0,;-0.30000001192092896,5.5,200.0,;-0.30000001192092896,5.5,200.0,;-0.30000001192092896,5.5,100.0,;
Character=Lesion
Options=1,0,
SelectedWeapons=3,2
Weapon=Q929
AutoFire=1
Attachments=0,0,0
Values=-0.10000000149011612,4.5,1500.0,;
Weapon=Six12SD
AutoFire=1
Attachments=0,0,0
Values=0.0,9.0,1300.0,;
Weapon=Super Shorty
AutoFire=0
Attachments=0,0,0
Values=0.0,0.0,0.0,;
Weapon=T5
AutoFire=0
Attachments=0,0,0
Values=0.0,0.0,1.0,;0.0,7.0,50.0,;0.0,5.0,200.0,;0.0,5.0,200.0,;0.0,6.0,200.0,;0.0,6.0,200.0,;0.0,6.0,200.0,;0.0,6.0,200.0,;0.0,6.0,200.0,;0.0,6.0,200.0,;0.0,6.0,200.0,;0.0,7.0,200.0,;
Character=Lion
Options=1,0,
SelectedWeapons=4,1
Weapon=HK417
AutoFire=1
Attachments=1,0,1
Values=0.0,2.700000047683716,2900.0,;
Weapon=LFP586
AutoFire=1
Attachments=0,0,0
Values=0.0,9.0,700.0,;
Weapon=P9
AutoFire=1
Attachments=0,0,0
Values=0.0,1.2999999523162842,1950.0,;
Weapon=SG-CQB
AutoFire=0
Attachments=0,0,0
Values=0.0,0.0,0.0,;
Weapon=V308
AutoFire=0
Attachments=1,0,0
Values=0.0,0.0,1.0,;0.0,6.5,50.0,;0.0,3.5,1000.0,;0.0,4.0,1000.0,;-0.10000000149011612,4.5,1000.0,;-0.10000000149011612,4.699999809265137,1000.0,;0.0,5.0,200.0,;
Character=Maestro
Options=1,0,
SelectedWeapons=1,3
Weapon=ACS12
AutoFire=0
Attachments=1,0,0
Values=-0.05000000074505806,1.600000023841858,6000.0,;
Weapon=ALDA
AutoFire=0
Attachments=0,0,0
Values=0.0,0.0,1.0,;0.0,7.0,50.0,;0.0,6.0,400.0,;-0.10000000149011612,6.0,800.0,;-0.10000000149011612,6.5,1000.0,;-0.10000000149011612,7.0,1000.0,;-0.10000000149011612,7.0,1000.0,;-0.10000000149011612,7.0,1000.0,;
Weapon=BUBBLE
AutoFire=0
Attachments=0,0,0
Values=0.0,0.0,0.0,;
Weapon=Baliff
AutoFire=0
Attachments=0,0,0
Values=0.0,0.0,0.0,;
Weapon=KERATOS
AutoFire=1
Attachments=0,0,0
Values=0.0,6.0,600.0,;
Character=Maveric
Options=1,0,
SelectedWeapons=1,2
Weapon=AR15
AutoFire=1
Attachments=1,0,0
Values=0.0,3.200000047683716,1450.0,;
Weapon=M4
AutoFire=0
Attachments=1,0,0
Values=0.0,0.0,1.0,;0.0,7.5,50.0,;-0.30000001192092896,4.5,200.0,;-0.30000001192092896,4.5,200.0,;-0.30000001192092896,4.5,200.0,;-0.30000001192092896,5.0,200.0,;-0.30000001192092896,5.0,200.0,;-0.30000001192092896,5.5,200.0,;-0.30000001192092896,5.5,200.0,;-0.30000001192092896,5.5,200.0,;-0.30000001192092896,6.0,200.0,;-0.30000001192092896,6.0,200.0,;-0.30000001192092896,6.0,200.0,;-0.30000001192092896,6.5,100.0,;
Weapon=TACOPS
AutoFire=1
Attachments=0,0,0
Values=0.0,4.0,1100.0,;
Character=Melusi
Options=1,0,
SelectedWeapons=0,1
Weapon=MP5
AutoFire=0
Attachments=1,0,0
Values=0.0,0.0,1.0,;0.0,7.0,50.0,;-0.30000001192092896,4.5,200.0,;-0.30000001192092896,4.5,200.0,;-0.30000001192092896,5.0,200.0,;-0.30000001192092896,5.0,200.0,;-0.30000001192092896,5.0,200.0,;-0.30000001192092896,5.0,200.0,;-0.30000001192092896,5.5,200.0,;-0.30000001192092896,5.5,200.0,;-0.30000001192092896,5.5,200.0,;-0.30000001192092896,5.5,200.0,;-0.30000001192092896,5.5,170.0,;
Weapon=RG15
AutoFire=1
Attachments=0,0,0
Values=0.0,2.5,1900.0,;
Weapon=Super90
AutoFire=1
Attachments=0,0,0
Values=0.0,11.0,2200.0,;
Character=Mira
Options=1,0,
SelectedWeapons=3,1
Weapon=ITA12L
AutoFire=0
Attachments=0,0,0
Values=0.0,0.0,0.0,;
Weapon=ITA12S
AutoFire=0
Attachments=0,0,0
Values=0.0,0.0,0.0,;
Weapon=USP40
AutoFire=1
Attachments=0,0,0
Values=0.0,2.5,1500.0,;
Weapon=Vector
AutoFire=0
Attachments=0,0,0
Values=0.0,0.0,1.0,;0.0,8.0,50.0,;0.0,6.0,200.0,;0.0,6.5,200.0,;0.0,7.0,200.0,;0.0,7.0,200.0,;0.0,7.0,200.0,;0.0,7.5,200.0,;
Character=Montagne
Options=1,0,
SelectedWeapons=1,1
Weapon=LFP586
AutoFire=1
Attachments=0,0,0
Values=0.0,9.0,700.0,;
Weapon=P9
AutoFire=1
Attachments=0,0,0
Values=0.0,1.2999999523162842,1950.0,;
Character=Mozzie
Options=1,0,
SelectedWeapons=1,2
Weapon=Commando9
AutoFire=0
Attachments=0,0,0
Values=0.0,0.0,1.0,;0.0,8.0,50.0,;0.0,4.0,200.0,;0.0,4.0,200.0,;0.0,4.0,200.0,;0.0,4.0,200.0,;0.0,4.5,200.0,;0.0,4.5,200.0,;0.0,4.5,200.0,;0.0,4.5,200.0,;0.0,4.5,200.0,;0.0,4.5,100.0,;
Weapon=P10 Roni
AutoFire=0
Attachments=0,0,0
Values=0.0,0.0,1.0,;0.0,8.0,50.0,;0.5,5.0,200.0,;0.5,5.0,200.0,;0.699999988079071,5.5,200.0,;0.800000011920929,5.5,200.0,;
Weapon=SDP
AutoFire=1
Attachments=0,0,0
Values=0.0,4.5,2000.0,;
Character=Mute
Options=1,0,
SelectedWeapons=0,3
Weapon=M590
AutoFire=0
Attachments=0,0,0
Values=0.0,0.0,0.0,;
Weapon=MP5K
AutoFire=0
Attachments=0,0,0
Values=0.0,0.0,1.0,;0.0,7.0,50.0,;0.0,4.0,200.0,;0.0,4.0,200.0,;0.0,4.0,200.0,;0.0,4.0,200.0,;0.0,5.0,200.0,;-0.20000000298023224,5.0,200.0,;-0.5,5.0,200.0,;-0.5,5.0,200.0,;-0.5,5.0,200.0,;-0.5,5.0,200.0,;-0.5,5.0,200.0,;
Weapon=P226
AutoFire=1
Attachments=0,0,0
Values=0.20000000298023224,2.5,1850.0,;
Weapon=SMG11
AutoFire=0
Attachments=0,0,0
Values=0.0,0.0,1.0,;0.0,17.0,30.0,;0.0,8.5,200.0,;0.0,8.5,200.0,;0.0,8.699999809265137,200.0,;0.0,8.699999809265137,90.0,;
Character=Nokk
Options=1,1,
SelectedWeapons=1,0
Weapon=D-50
AutoFire=1
Attachments=0,0,1
Values=0.0,11.5,1000.0,;
Weapon=FMG9
AutoFire=0
Attachments=1,0,0
Values=0.0,0.0,1.0,;0.0,7.0,50.0,;0.30000001192092896,4.0,200.0,;0.4000000059604645,4.0,200.0,;0.5,4.199999809265137,200.0,;0.30000001192092896,4.5,200.0,;0.30000001192092896,4.5,200.0,;0.20000000298023224,4.5,200.0,;0.20000000298023224,4.5,200.0,;0.10000000149011612,4.699999809265137,200.0,;0.10000000149011612,5.0,200.0,;0.10000000149011612,5.0,200.0,;0.10000000149011612,5.0,200.0,;
Weapon=Six12SD
AutoFire=1
Attachments=0,0,0
Values=0.0,9.0,1300.0,;
Weapon=USG
AutoFire=1
Attachments=0,0,0
Values=0.0,2.0,2450.0,;
Character=Nomad
Options=1,0,
SelectedWeapons=2,3
Weapon=44MAG
AutoFire=0
Attachments=0,0,0
Values=0.0,12.0,100.0,;
Weapon=AK-74M
AutoFire=0
Attachments=1,0,0
Values=0.0,0.0,1.0,;0.0,6.0,50.0,;-0.30000001192092896,3.0,1000.0,;-0.30000001192092896,3.5,1000.0,;-0.30000001192092896,3.5,1000.0,;-0.30000001192092896,4.0,550.0,;
Weapon=ARX
AutoFire=0
Attachments=1,0,0
Values=0.0,0.0,1.0,;0.0,6.5,50.0,;-0.30000001192092896,3.700000047683716,200.0,;-0.30000001192092896,4.0,200.0,;-0.30000001192092896,4.0,200.0,;-0.30000001192092896,4.0,200.0,;-0.30000001192092896,4.5,200.0,;-0.30000001192092896,4.5,200.0,;-0.30000001192092896,4.5,200.0,;-0.30000001192092896,4.5,200.0,;
Weapon=PRB92
AutoFire=1
Attachments=0,0,0
Values=0.10000000149011612,2.0,1900.0,;
Character=Oryx
Options=1,0,
SelectedWeapons=2,0
Weapon=Baliff
AutoFire=0
Attachments=0,0,0
Values=0.0,0.0,0.0,;
Weapon=Spas12
AutoFire=1
Attachments=0,0,0
Values=-0.4000000059604645,6.0,2000.0,;
Weapon=T5
AutoFire=0
Attachments=0,0,0
Values=0.0,0.0,1.0,;0.0,7.0,50.0,;0.0,5.0,200.0,;0.0,5.0,200.0,;0.0,6.0,200.0,;0.0,6.0,200.0,;0.0,6.0,200.0,;0.0,6.0,200.0,;0.0,6.0,200.0,;0.0,6.0,200.0,;0.0,6.0,200.0,;0.0,7.0,200.0,;
Weapon=USP40
AutoFire=1
Attachments=0,0,0
Values=0.0,2.5,1500.0,;
Character=Osa
Options=1,0,
SelectedWeapons=0,1
Weapon=PDW9
AutoFire=0
Attachments=1,0,0
Values=0.0,0.0,1.0,;0.0,7.0,50.0,;-0.20000000298023224,4.199999809265137,500.0,;-0.20000000298023224,4.699999809265137,500.0,;-0.20000000298023224,5.0,1000.0,;-0.20000000298023224,5.300000190734863,1000.0,;-0.20000000298023224,5.5,700.0,;
Weapon=PMM
AutoFire=1
Attachments=0,0,0
Values=0.0,4.0,1000.0,;
Weapon=XI556
AutoFire=0
Attachments=1,0,0
Values=0.0,0.0,1.0,;0.0,4.5,50.0,;0.5,3.0,200.0,;0.5,3.5,200.0,;0.5,3.5,200.0,;0.5,3.5,200.0,;0.5,3.5,200.0,;0.5,3.5,200.0,;0.5,3.5,200.0,;0.5,3.5,200.0,;0.5,3.5,200.0,;0.5,3.5,200.0,;0.5,3.5,200.0,;0.5,3.5,200.0,;0.5,3.5,200.0,;
Character=Pulse
Options=1,0,
SelectedWeapons=2,3
Weapon=M1014
AutoFire=1
Attachments=0,0,0
Values=0.0,14.0,1700.0,;
Weapon=MUESOC
AutoFire=1
Attachments=0,0,0
Values=0.0,4.0,1000.0,;
Weapon=UMP45
AutoFire=0
Attachments=0,0,0
Values=0.0,0.0,1.0,;0.0,4.0,50.0,;-0.20000000298023224,2.700000047683716,1000.0,;-0.20000000298023224,2.700000047683716,1000.0,;-0.20000000298023224,2.700000047683716,400.0,;
Weapon=USG
AutoFire=1
Attachments=0,0,0
Values=0.0,2.0,2450.0,;
Character=Ram
Options=1,0,
SelectedWeapons=3,0
Weapon=ITA12S
AutoFire=0
Attachments=0,0,0
Values=0.0,0.0,0.0,;
Weapon=LMGE
AutoFire=0
Attachments=1,0,0
Values=0.0,0.0,1.0,;0.0,8.0,50.0,;-0.30000001192092896,5.5,1000.0,;-0.5,6.0,1000.0,;-0.5,6.0,1000.0,;-0.5,6.0,1000.0,;-0.5,6.0,1000.0,;-0.5,6.0,1000.0,;-0.5,6.0,1000.0,;-0.5,6.0,1000.0,;-0.5,6.0,1000.0,;-0.5,6.0,1000.0,;-0.5,6.0,1000.0,;-0.5,6.0,1000.0,;-0.5,6.0,200.0,;
Weapon=MK1
AutoFire=1
Attachments=0,0,0
Values=0.0,2.200000047683716,1800.0,;
Weapon=R4C
AutoFire=0
Attachments=1,0,0
Values=0.0,0.0,1.0,;0.0,10.0,50.0,;-0.4000000059604645,5.5,200.0,;-0.4000000059604645,6.0,200.0,;-0.4000000059604645,6.0,200.0,;-0.4000000059604645,6.5,200.0,;-0.4000000059604645,6.5,200.0,;-0.4000000059604645,6.5,200.0,;-0.4000000059604645,7.0,200.0,;-0.4000000059604645,7.0,200.0,;-0.4000000059604645,7.0,200.0,;-0.4000000059604645,7.0,200.0,;-0.4000000059604645,7.0,50.0,;
Character=Rook
Options=1,0,
SelectedWeapons=1,0
Weapon=LFP586
AutoFire=1
Attachments=0,0,0
Values=0.0,9.0,700.0,;
Weapon=MP5
AutoFire=0
Attachments=1,0,0
Values=0.0,0.0,1.0,;0.0,7.0,50.0,;-0.30000001192092896,4.5,200.0,;-0.30000001192092896,4.5,200.0,;-0.30000001192092896,5.0,200.0,;-0.30000001192092896,5.0,200.0,;-0.30000001192092896,5.0,200.0,;-0.30000001192092896,5.0,200.0,;-0.30000001192092896,5.5,200.0,;-0.30000001192092896,5.5,200.0,;-0.30000001192092896,5.5,200.0,;-0.30000001192092896,5.5,200.0,;-0.30000001192092896,5.5,170.0,;
Weapon=P9
AutoFire=1
Attachments=0,0,0
Values=0.0,1.2999999523162842,1950.0,;
Weapon=P90
AutoFire=0
Attachments=1,0,2
Values=0.0,0.0,1.0,;0.0,7.0,50.0,;0.0,4.0,200.0,;0.0,4.0,200.0,;0.0,4.5,200.0,;0.0,4.5,200.0,;0.0,4.5,200.0,;0.0,4.5,200.0,;0.0,4.5,200.0,;0.0,5.0,200.0,;0.0,5.0,200.0,;0.0,5.0,200.0,;0.0,5.0,200.0,;0.0,5.0,800.0,;
Weapon=SG-CQB
AutoFire=0
Attachments=0,0,0
Values=0.0,0.0,0.0,;
Character=Sens
Options=1,0,
SelectedWeapons=1,2
Weapon=HK417
AutoFire=1
Attachments=1,0,1
Values=0.0,2.700000047683716,2900.0,;
Weapon=POF9
AutoFire=0
Attachments=1,0,0
Values=0.0,0.0,1.0,;0.0,6.0,50.0,;0.0,4.099999904632568,1000.0,;-0.20000000298023224,4.400000095367432,1000.0,;-0.20000000298023224,4.599999904632568,1000.0,;-0.20000000298023224,4.900000095367432,900.0,;
Weapon=SDP
AutoFire=1
Attachments=0,0,0
Values=0.0,4.5,2000.0,;
Character=Sentry
Options=1,0,
SelectedWeapons=1,3
Weapon=CZ75
AutoFire=0
Attachments=0,0,0
Values=0.0,0.0,1.0,;0.0,8.0,50.0,;0.0,5.0,200.0,;0.0,5.0,200.0,;0.0,5.0,200.0,;0.0,5.0,200.0,;0.10000000149011612,5.0,200.0,;0.20000000298023224,5.0,200.0,;0.20000000298023224,5.0,200.0,;0.20000000298023224,5.0,50.0,;
Weapon=Commando9
AutoFire=0
Attachments=0,0,0
Values=0.0,0.0,1.0,;0.0,8.0,50.0,;0.0,4.0,200.0,;0.0,4.0,200.0,;0.0,4.0,200.0,;0.0,4.0,200.0,;0.0,4.5,200.0,;0.0,4.5,200.0,;0.0,4.5,200.0,;0.0,4.5,200.0,;0.0,4.5,200.0,;0.0,4.5,100.0,;
Weapon=M870
AutoFire=0
Attachments=0,0,0
Values=0.0,0.0,0.0,;
Weapon=Super Shorty
AutoFire=0
Attachments=0,0,0
Values=0.0,0.0,0.0,;
Character=Skopos
Options=1,0,
SelectedWeapons=1,0
Weapon=P229
AutoFire=1
Attachments=0,0,0
Values=0.0,2.5,1800.0,;
Weapon=PCX33
AutoFire=0
Attachments=0,0,0
Values=0.0,0.0,1.0,;0.0,6.5,50.0,;-0.20000000298023224,3.700000047683716,200.0,;-0.20000000298023224,4.099999904632568,200.0,;-0.20000000298023224,4.099999904632568,200.0,;-0.20000000298023224,4.199999809265137,200.0,;-0.20000000298023224,4.300000190734863,200.0,;-0.20000000298023224,4.300000190734863,200.0,;-0.20000000298023224,4.400000095367432,200.0,;-0.20000000298023224,4.5,200.0,;-0.20000000298023224,4.5,200.0,;-0.20000000298023224,4.5,200.0,;-0.20000000298023224,4.5,200.0,;-0.20000000298023224,4.5,200.0,;
Character=Sledge
Options=1,0,
SelectedWeapons=0,2
Weapon=L85A2
AutoFire=0
Attachments=1,0,0
Values=0.0,0.0,1.0,;0.0,7.0,50.0,;0.5,3.0,200.0,;0.5,3.5,200.0,;0.5,3.5,200.0,;0.5,3.5,200.0,;0.5,3.5,200.0,;0.5,3.5,200.0,;0.5,4.0,200.0,;0.5,4.0,200.0,;0.5,4.0,200.0,;0.5,4.0,200.0,;0.5,4.0,200.0,;0.5,4.0,200.0,;0.5,4.0,200.0,;
Weapon=M590
AutoFire=0
Attachments=0,0,0
Values=0.0,0.0,0.0,;
Weapon=P226
AutoFire=1
Attachments=0,0,0
Values=0.20000000298023224,2.5,1850.0,;
Character=Smoke
Options=1,0,
SelectedWeapons=1,3
Weapon=FMG9
AutoFire=0
Attachments=0,0,0
Values=0.0,0.0,1.0,;0.0,8.0,50.0,;0.0,4.0,200.0,;0.0,4.0,200.0,;0.0,4.5,200.0,;0.0,4.5,200.0,;0.0,4.5,200.0,;0.0,4.5,200.0,;0.0,4.5,200.0,;0.0,5.0,200.0,;0.0,5.0,200.0,;1.0,6.0,200.0,;1.0,6.0,200.0,;
Weapon=M590
AutoFire=0
Attachments=0,0,0
Values=0.0,0.0,0.0,;
Weapon=P226
AutoFire=1
Attachments=0,0,0
Values=0.20000000298023224,2.5,1850.0,;
Weapon=SMG11
AutoFire=0
Attachments=0,0,0
Values=0.0,0.0,1.0,;0.0,17.0,30.0,;0.0,8.5,200.0,;0.0,8.5,200.0,;0.0,8.699999809265137,200.0,;0.0,8.699999809265137,90.0,;
Character=Solis
Options=1,0,
SelectedWeapons=1,2
Weapon=ITA12L
AutoFire=0
Attachments=0,0,0
Values=0.0,0.0,0.0,;
Weapon=P90
AutoFire=0
Attachments=0,0,2
Values=0.0,0.0,1.0,;0.0,7.0,50.0,;0.0,4.0,200.0,;0.0,4.0,200.0,;0.0,4.5,200.0,;0.0,4.5,200.0,;0.0,4.5,200.0,;0.0,4.5,200.0,;0.0,4.5,200.0,;0.0,5.0,200.0,;0.0,5.0,200.0,;0.0,5.0,200.0,;0.0,5.0,200.0,;0.0,5.0,800.0,;
Weapon=SMG11
AutoFire=0
Attachments=0,0,0
Values=0.0,0.0,1.0,;0.0,17.0,30.0,;0.0,8.5,200.0,;0.0,8.5,200.0,;0.0,8.699999809265137,200.0,;0.0,8.699999809265137,90.0,;
Character=Striker
Options=1,0,
SelectedWeapons=2,0
Weapon=ITA12S
AutoFire=0
Attachments=0,0,0
Values=0.0,0.0,0.0,;
Weapon=M249
AutoFire=0
Attachments=1,0,2
Values=0.0,0.0,1.0,;0.0,4.0,100.0,;-0.4000000059604645,3.0,1000.0,;-0.4000000059604645,3.5,1000.0,;-0.4000000059604645,3.5,1000.0,;-0.4000000059604645,4.0,1000.0,;-0.4000000059604645,4.0,1000.0,;-0.4000000059604645,4.0,1000.0,;-0.4000000059604645,4.0,1000.0,;-0.4000000059604645,4.0,1000.0,;-0.4000000059604645,4.0,1000.0,;
Weapon=M4
AutoFire=0
Attachments=1,0,0
Values=0.0,0.0,1.0,;0.0,7.5,50.0,;-0.30000001192092896,4.5,200.0,;-0.30000001192092896,4.5,200.0,;-0.30000001192092896,4.5,200.0,;-0.30000001192092896,5.0,200.0,;-0.30000001192092896,5.0,200.0,;-0.30000001192092896,5.5,200.0,;-0.30000001192092896,5.5,200.0,;-0.30000001192092896,5.5,200.0,;-0.30000001192092896,6.0,200.0,;-0.30000001192092896,6.0,200.0,;-0.30000001192092896,6.0,200.0,;-0.30000001192092896,6.5,100.0,;
Weapon=USG
AutoFire=1
Attachments=0,0,0
Values=0.0,2.0,2450.0,;
Character=Tachanka
Options=1,0,
SelectedWeapons=4,0
Weapon=Bearing9
AutoFire=0
Attachments=0,0,0
Values=0.0,0.0,1.0,;0.0,13.0,50.0,;-0.30000001192092896,7.0,200.0,;-0.30000001192092896,7.0,200.0,;-0.30000001192092896,7.0,200.0,;-0.30000001192092896,7.0,200.0,;-0.30000001192092896,7.0,200.0,;-0.30000001192092896,7.0,200.0,;-0.30000001192092896,7.0,50.0,;
Weapon=DP27
AutoFire=0
Attachments=0,0,0
Values=0.0,0.0,1.0,;0.0,2.0,100.0,;0.30000001192092896,2.0,1000.0,;0.30000001192092896,2.0,1000.0,;0.5,2.0,1000.0,;0.699999988079071,2.0,1000.0,;0.699999988079071,2.0,1000.0,;0.699999988079071,2.0,1000.0,;0.699999988079071,2.0,1000.0,;0.699999988079071,2.0,300.0,;
Weapon=GSH-18
AutoFire=1
Attachments=0,0,0
Values=0.0,1.0,2250.0,;
Weapon=PMM
AutoFire=1
Attachments=0,0,0
Values=0.0,4.0,1000.0,;
Weapon=VSN
AutoFire=0
Attachments=1,0,0
Values=0.0,0.0,1.0,;0.0,7.0,50.0,;-0.30000001192092896,5.0,200.0,;-0.30000001192092896,4.0,200.0,;-0.30000001192092896,5.0,200.0,;-0.30000001192092896,5.0,200.0,;-0.30000001192092896,5.0,200.0,;-0.30000001192092896,5.0,200.0,;-0.30000001192092896,5.5,200.0,;-0.30000001192092896,5.5,200.0,;-0.30000001192092896,5.5,200.0,;-0.30000001192092896,5.5,200.0,;-0.30000001192092896,5.5,200.0,;-0.30000001192092896,5.5,100.0,;
Character=Thatcher
Options=1,0,
SelectedWeapons=0,3
Weapon=AR33
AutoFire=0
Attachments=1,0,0
Values=0.0,0.0,1.0,;0.0,7.0,50.0,;-0.20000000298023224,4.0,200.0,;-0.20000000298023224,3.5,200.0,;-0.20000000298023224,4.0,200.0,;-0.20000000298023224,4.5,200.0,;-0.20000000298023224,4.5,200.0,;-0.20000000298023224,4.5,200.0,;-0.20000000298023224,4.5,200.0,;-0.20000000298023224,4.5,200.0,;-0.20000000298023224,4.5,200.0,;-0.20000000298023224,4.5,150.0,;
Weapon=L85A2
AutoFire=0
Attachments=1,0,0
Values=0.0,0.0,1.0,;0.0,7.0,50.0,;0.5,3.0,200.0,;0.5,3.5,200.0,;0.5,3.5,200.0,;0.5,3.5,200.0,;0.5,3.5,200.0,;0.5,3.5,200.0,;0.5,4.0,200.0,;0.5,4.0,200.0,;0.5,4.0,200.0,;0.5,4.0,200.0,;0.5,4.0,200.0,;0.5,4.0,200.0,;0.5,4.0,200.0,;
Weapon=M590
AutoFire=0
Attachments=0,0,0
Values=0.0,0.0,0.0,;
Weapon=P226
AutoFire=1
Attachments=0,0,0
Values=0.20000000298023224,2.5,1850.0,;
Character=Thermite
Options=1,0,
SelectedWeapons=3,2
Weapon=M1014
AutoFire=1
Attachments=0,0,0
Values=0.0,14.0,1700.0,;
Weapon=MUESOC
AutoFire=1
Attachments=0,0,0
Values=0.0,4.0,1000.0,;
Weapon=USG
AutoFire=1
Attachments=0,0,0
Values=0.0,2.0,2450.0,;
Weapon=XI556
AutoFire=0
Attachments=1,0,0
Values=0.0,0.0,1.0,;0.0,4.5,50.0,;0.5,3.0,200.0,;0.5,3.5,200.0,;0.5,3.5,200.0,;0.5,3.5,200.0,;0.5,3.5,200.0,;0.5,3.5,200.0,;0.5,3.5,200.0,;0.5,3.5,200.0,;0.5,3.5,200.0,;0.5,3.5,200.0,;0.5,3.5,200.0,;0.5,3.5,200.0,;0.5,3.5,200.0,;
Character=Thorn
Options=1,0,
SelectedWeapons=3,0
Weapon=CZ75
AutoFire=0
Attachments=0,0,0
Values=0.0,0.0,1.0,;0.0,8.0,50.0,;0.0,5.0,200.0,;0.0,5.0,200.0,;0.0,5.0,200.0,;0.0,5.0,200.0,;0.10000000149011612,5.0,200.0,;0.20000000298023224,5.0,200.0,;0.20000000298023224,5.0,200.0,;0.20000000298023224,5.0,50.0,;
Weapon=M870
AutoFire=0
Attachments=0,0,0
Values=0.0,0.0,0.0,;
Weapon=TACOPS
AutoFire=1
Attachments=0,0,0
Values=0.0,4.0,1100.0,;
Weapon=UZK
AutoFire=0
Attachments=0,0,0
Values=0.0,0.0,1.0,;0.0,7.0,50.0,;0.0,4.5,200.0,;0.0,5.0,200.0,;0.0,5.0,200.0,;0.0,5.0,200.0,;0.0,5.0,200.0,;1.0,5.0,200.0,;0.0,5.5,200.0,;0.0,5.5,200.0,;0.0,5.5,200.0,;
Character=Thunderbird
Options=1,0,
SelectedWeapons=3,0
Weapon=Bearing9
AutoFire=0
Attachments=0,0,0
Values=0.0,0.0,1.0,;0.0,13.0,50.0,;-0.30000001192092896,7.0,200.0,;-0.30000001192092896,7.0,200.0,;-0.30000001192092896,7.0,200.0,;-0.30000001192092896,7.0,200.0,;-0.30000001192092896,7.0,200.0,;-0.30000001192092896,7.0,200.0,;-0.30000001192092896,7.0,50.0,;
Weapon=Q929
AutoFire=1
Attachments=0,0,0
Values=-0.10000000149011612,4.5,1500.0,;
Weapon=Spas15
AutoFire=1
Attachments=0,0,0
Values=1.0,6.0,1200.0,;
Weapon=Spear
AutoFire=0
Attachments=0,0,0
Values=0.0,0.0,1.0,;0.0,8.0,50.0,;-0.20000000298023224,5.0,200.0,;-0.20000000298023224,5.0,200.0,;-0.30000001192092896,6.0,200.0,;-0.30000001192092896,6.0,200.0,;-0.30000001192092896,6.0,200.0,;-0.30000001192092896,6.0,200.0,;-0.30000001192092896,6.5,200.0,;-0.30000001192092896,6.5,200.0,;-0.30000001192092896,6.5,200.0,;-0.30000001192092896,6.5,200.0,;-0.30000001192092896,6.5,200.0,;-0.30000001192092896,6.5,200.0,;-0.30000001192092896,7.0,100.0,;
Character=Tubarao
Options=1,0,
SelectedWeapons=0,2
Weapon=AR15
AutoFire=1
Attachments=1,0,0
Values=0.0,3.200000047683716,1450.0,;
Weapon=MPX
AutoFire=0
Attachments=0,0,0
Values=0.0,0.0,1.0,;0.0,8.0,50.0,;-0.10000000149011612,4.0,200.0,;-0.10000000149011612,4.0,200.0,;-0.10000000149011612,4.0,200.0,;-0.10000000149011612,5.0,200.0,;-0.10000000149011612,5.0,200.0,;-0.10000000149011612,5.0,200.0,;-0.10000000149011612,5.0,200.0,;-0.10000000149011612,5.0,200.0,;-0.10000000149011612,5.0,200.0,;-0.10000000149011612,5.5,200.0,;-0.10000000149011612,6.0,200.0,;
Weapon=P226
AutoFire=1
Attachments=0,0,0
Values=0.20000000298023224,2.5,1850.0,;
Character=Twitch
Options=1,0,
SelectedWeapons=0,3
Weapon=F2
AutoFire=0
Attachments=0,0,0
Values=0.0,0.0,1.0,;0.0,14.0,50.0,;-0.4000000059604645,6.5,200.0,;-0.4000000059604645,7.0,200.0,;-0.4000000059604645,7.0,200.0,;-0.4000000059604645,8.0,200.0,;-0.4000000059604645,8.0,200.0,;-0.4000000059604645,8.0,200.0,;-0.4000000059604645,8.0,200.0,;-0.4000000059604645,8.0,50.0,;
Weapon=HK417
AutoFire=1
Attachments=1,0,1
Values=0.0,2.700000047683716,2900.0,;
Weapon=LFP586
AutoFire=1
Attachments=0,0,0
Values=0.0,9.0,700.0,;
Weapon=P9
AutoFire=1
Attachments=0,0,0
Values=0.0,1.2999999523162842,1950.0,;
Weapon=SG-CQB
AutoFire=0
Attachments=0,0,0
Values=0.0,0.0,0.0,;
Character=Valkyrie
Options=1,0,
SelectedWeapons=1,0
Weapon=D-50
AutoFire=1
Attachments=0,0,1
Values=0.0,11.5,1000.0,;
Weapon=MPX
AutoFire=0
Attachments=0,0,0
Values=0.0,0.0,1.0,;0.0,8.0,50.0,;-0.10000000149011612,4.0,200.0,;-0.10000000149011612,4.0,200.0,;-0.10000000149011612,4.0,200.0,;-0.10000000149011612,5.0,200.0,;-0.10000000149011612,5.0,200.0,;-0.10000000149011612,5.0,200.0,;-0.10000000149011612,5.0,200.0,;-0.10000000149011612,5.0,200.0,;-0.10000000149011612,5.0,200.0,;-0.10000000149011612,5.5,200.0,;-0.10000000149011612,6.0,200.0,;
Weapon=Spas12
AutoFire=1
Attachments=0,0,0
Values=-0.4000000059604645,6.0,2000.0,;
Character=Vigil
Options=1,1,
SelectedWeapons=0,3
Weapon=BOSG
AutoFire=0
Attachments=0,0,0
Values=0.0,0.0,0.0,;
Weapon=CZ75
AutoFire=0
Attachments=0,0,0
Values=0.0,0.0,1.0,;0.0,8.0,50.0,;0.0,5.0,200.0,;0.0,5.0,200.0,;0.0,5.0,200.0,;0.0,5.0,200.0,;0.10000000149011612,5.0,200.0,;0.20000000298023224,5.0,200.0,;0.20000000298023224,5.0,200.0,;0.20000000298023224,5.0,50.0,;
Weapon=K1A
AutoFire=0
Attachments=0,0,0
Values=0.0,0.0,1.0,;0.0,9.0,50.0,;-0.4000000059604645,4.0,200.0,;-0.4000000059604645,5.0,200.0,;-0.4000000059604645,5.0,200.0,;-0.4000000059604645,5.0,200.0,;-0.4000000059604645,5.0,200.0,;-0.4000000059604645,5.0,200.0,;-0.4000000059604645,5.0,200.0,;-0.4000000059604645,5.0,200.0,;-0.4000000059604645,5.5,200.0,;-0.4000000059604645,5.5,200.0,;-0.4000000059604645,5.5,200.0,;-0.4000000059604645,5.5,200.0,;
Weapon=SMG12
AutoFire=0
Attachments=0,0,0
Values=0.0,0.0,1.0,;0.0,15.0,50.0,;2.0,8.0,200.0,;2.0,9.0,200.0,;1.0,9.0,200.0,;0.0,9.0,200.0,;0.0,9.5,200.0,;0.0,10.0,200.0,;0.0,10.5,200.0,;0.0,10.5,30.0,;
Character=Wamai
Options=1,0,
SelectedWeapons=2,1
Weapon=AUG A2
AutoFire=0
Attachments=0,0,0
Values=0.0,0.0,1.0,;0.0,5.0,200.0,;0.5,4.0,200.0,;0.5,5.0,200.0,;0.5,5.0,200.0,;0.5,5.0,200.0,;0.5,5.0,200.0,;0.5,5.0,200.0,;0.5,5.0,200.0,;0.5,5.0,200.0,;0.5,5.0,200.0,;0.5,5.5,200.0,;0.5,5.5,200.0,;0.5,6.0,50.0,;
Weapon=KERATOS
AutoFire=1
Attachments=0,0,0
Values=0.0,6.0,600.0,;
Weapon=MP5K
AutoFire=0
Attachments=1,0,0
Values=0.0,0.0,1.0,;0.0,7.0,50.0,;0.0,4.0,200.0,;0.0,4.0,200.0,;0.0,4.0,200.0,;0.0,4.0,200.0,;0.0,5.0,200.0,;-0.20000000298023224,5.0,200.0,;-0.5,5.0,200.0,;-0.5,5.0,200.0,;-0.5,5.0,200.0,;-0.5,5.0,200.0,;-0.5,5.0,200.0,;
Weapon=P12
AutoFire=1
Attachments=0,0,0
Values=0.0,2.5,1800.0,;
Character=Warden
Options=1,1,
SelectedWeapons=0,3
Weapon=M590
AutoFire=0
Attachments=0,0,0
Values=0.0,0.0,0.0,;
Weapon=MPX
AutoFire=0
Attachments=0,0,0
Values=0.0,0.0,1.0,;0.0,8.0,50.0,;-0.10000000149011612,4.0,200.0,;-0.10000000149011612,4.0,200.0,;-0.10000000149011612,4.0,200.0,;-0.10000000149011612,5.0,200.0,;-0.10000000149011612,5.0,200.0,;-0.10000000149011612,5.0,200.0,;-0.10000000149011612,5.0,200.0,;-0.10000000149011612,5.0,200.0,;-0.10000000149011612,5.0,200.0,;-0.10000000149011612,5.5,200.0,;-0.10000000149011612,6.0,200.0,;
Weapon=P10C
AutoFire=1
Attachments=0,0,0
Values=0.0,2.5,1900.0,;
Weapon=SMG12
AutoFire=0
Attachments=0,0,0
Values=0.0,0.0,1.0,;0.0,15.0,50.0,;2.0,8.0,200.0,;2.0,9.0,200.0,;1.0,9.0,200.0,;0.0,9.0,200.0,;0.0,9.5,200.0,;0.0,10.0,200.0,;0.0,10.5,200.0,;0.0,10.5,30.0,;
Character=Ying
Options=1,0,
SelectedWeapons=2,0
Weapon=Q929
AutoFire=1
Attachments=0,0,0
Values=-0.10000000149011612,4.5,1500.0,;
Weapon=Six12
AutoFire=1
Attachments=0,0,0
Values=0.0,9.0,1300.0,;
Weapon=T95
AutoFire=0
Attachments=1,0,0
Values=0.0,0.0,1.0,;0.0,6.0,100.0,;0.0,4.0,1000.0,;0.0,4.5,1000.0,;0.5,4.699999809265137,1000.0,;0.5,5.0,1000.0,;0.800000011920929,5.300000190734863,1000.0,;0.800000011920929,5.300000190734863,1000.0,;0.800000011920929,5.300000190734863,1000.0,;0.800000011920929,5.300000190734863,200.0,;
Character=Zero
Options=1,0,
SelectedWeapons=2,0
Weapon=GONNE6
AutoFire=0
Attachments=0,0,0
Values=0.0,0.0,0.0,;
Weapon=MP7
AutoFire=0
Attachments=1,0,0
Values=0.0,0.0,1.0,;0.0,7.0,50.0,;0.0,4.0,200.0,;0.0,4.0,200.0,;0.0,4.5,200.0,;0.0,4.5,200.0,;0.0,5.0,200.0,;0.0,5.0,200.0,;0.0,5.0,200.0,;0.0,5.0,200.0,;0.0,5.0,200.0,;0.0,6.0,150.0,;
Weapon=SC3000
AutoFire=0
Attachments=1,0,0
Values=0.0,0.0,1.0,;0.0,8.0,50.0,;0.0,5.300000190734863,200.0,;-0.30000001192092896,5.800000190734863,200.0,;-0.30000001192092896,6.0,200.0,;-0.30000001192092896,6.0,200.0,;-0.30000001192092896,6.199999809265137,200.0,;-0.30000001192092896,6.5,200.0,;-0.30000001192092896,6.5,200.0,;-0.30000001192092896,6.5,200.0,;-0.30000001192092896,6.5,150.0,;
Weapon=USG
AutoFire=1
Attachments=0,0,0
Values=0.0,2.0,2450.0,;
Character=Zofia
Options=1,0,
SelectedWeapons=1,2
Weapon=LMGE
AutoFire=0
Attachments=1,0,0
Values=0.0,0.0,1.0,;0.0,8.0,50.0,;-0.30000001192092896,5.5,1000.0,;-0.5,6.0,1000.0,;-0.5,6.0,1000.0,;-0.5,6.0,1000.0,;-0.5,6.0,1000.0,;-0.5,6.0,1000.0,;-0.5,6.0,1000.0,;-0.5,6.0,1000.0,;-0.5,6.0,1000.0,;-0.5,6.0,1000.0,;-0.5,6.0,1000.0,;-0.5,6.0,1000.0,;-0.5,6.0,200.0,;
Weapon=M762
AutoFire=0
Attachments=1,0,0
Values=0.0,0.0,1.0,;0.0,10.0,50.0,;0.0,5.0,200.0,;0.30000001192092896,5.0,200.0,;0.30000001192092896,5.0,200.0,;0.30000001192092896,5.0,200.0,;0.30000001192092896,5.5,200.0,;0.30000001192092896,5.5,200.0,;0.30000001192092896,5.5,200.0,;0.30000001192092896,5.5,200.0,;0.30000001192092896,6.0,200.0,;0.30000001192092896,6.0,200.0,;0.30000001192092896,6.0,200.0,;0.0,6.0,200.0,;
Weapon=RG15
AutoFire=1
Attachments=0,0,0
Values=0.0,2.5,1900.0,;
